Adam: 2.5 45; 24; 76 79 80 13
Albert: 59 99; 93; 53 93 0 23
Amber: 86 93; 89; 0 96 4 55
Charles: 91 33; 86; 29.5 78 56 62
Chuck: 93 50; 42.5; 1 46 85 47
David: 93 50; 80; 43 95 10.5 86
Harry: 89 91; 68; 96 95 20 64
Jacob: 56 65; 83; 98 33 24 76
Jane: 91 95; 92; 89 90 8 84
John: 63 92; 74; 72.5 84 87 58
Kate: 70 96; 74; 69 96 13 16
Lauren: 95 69; 73; 42.5 91 12 97.5
Leo: 7 100; 48; 80 86 56 32
Michael: 80 96; 95; 13 92.5 18 72
Peter: 90 92; 79; 94 86 90 89
Seth: 82 81; 83; 33 99 10 73
Simon: 99 89; 92; 91 96 95 99
Steve: 63 79; 98; 58 98 16 25
Susan: 73 64; 70; 8 95 19 30
William: 56 79; 56; 36 98 18 39